#log(160 microns[W/hz]) log(phi/Mpc^-3 dex^-1)
#Marchetti et al. (2016)
#dm = 0.15
22.9512 -2.01651 -2.16592 -1.89431 
23.1279 -1.92091 -2.00245 -1.85304 
23.2560 -2.16497 -2.21917 -2.05627 
23.4426 -2.09651 -2.19151 -2.05574 
23.5999 -2.15035 -2.16387 -2.09594 
23.7767 -2.12266 -2.17695 -2.09547 
23.9634 -2.12210 -2.17642 -2.12207 
24.1209 -2.32533 -2.33885 -2.27098 
24.2782 -2.37917 -2.43347 -2.35195 
24.4258 -2.50095 -2.55512 -2.47370 
24.6423 -2.74475 -2.79910 -2.69039 
24.8001 -3.11094 -3.16526 -3.08375 
24.9679 -3.61291 -3.68084 -3.53142 
25.1359 -4.19636 -4.30500 -4.12848 
25.3036 -4.61684 -4.77987 -4.50820 
